# blastn
# Iteration: 0
# Query: NC_019161.1:c15996-15115 Klebsiella pneumoniae strain CRE79 plasmid pKPC-NY79, complete sequence
# RID: VST0ZJNR014
# Database: nr
# Fields: query acc.ver, subject acc.ver, % identity, alignment length, mismatches, gap opens, q. start, q. end, s. start, s. end, evalue, bit score
# 708 hits found
NC_019161.1:c15996-15115	CP022926.1	100.000	882	0	0	1	882	12173	13054	0.0	1629
NC_019161.1:c15996-15115	CP022923.1	100.000	882	0	0	1	882	176989	177870	0.0	1629
NC_019161.1:c15996-15115	CP022920.1	100.000	882	0	0	1	882	9547	8666	0.0	1629
NC_019161.1:c15996-15115	CP022917.1	100.000	882	0	0	1	882	158489	159370	0.0	1629
NC_019161.1:c15996-15115	CP032181.1	100.000	882	0	0	1	882	17698	16817	0.0	1629
NC_019161.1:c15996-15115	LC423559.1	100.000	882	0	0	1	882	2597	3478	0.0	1629
NC_019161.1:c15996-15115	MH328007.1	100.000	882	0	0	1	882	17526	18407	0.0	1629
NC_019161.1:c15996-15115	MH328006.1	100.000	882	0	0	1	882	42774	41893	0.0	1629
NC_019161.1:c15996-15115	MH558576.1	100.000	882	0	0	1	882	2651	3532	0.0	1629
NC_019161.1:c15996-15115	MH624132.1	100.000	882	0	0	1	882	17465	18346	0.0	1629
NC_019161.1:c15996-15115	MH624131.1	100.000	882	0	0	1	882	17465	18346	0.0	1629
NC_019161.1:c15996-15115	MH624130.1	100.000	882	0	0	1	882	17465	18346	0.0	1629
NC_019161.1:c15996-15115	MG886286.1	100.000	882	0	0	1	882	26343	27224	0.0	1629
NC_019161.1:c15996-15115	MH595534.1	100.000	882	0	0	1	882	7287	8168	0.0	1629
NC_019161.1:c15996-15115	MH595533.1	100.000	882	0	0	1	882	12830	13711	0.0	1629
NC_019161.1:c15996-15115	MH536949.1	100.000	882	0	0	1	882	15900	15019	0.0	1629
NC_019161.1:c15996-15115	CP029605.1	100.000	882	0	0	1	882	2749951	2750832	0.0	1629
NC_019161.1:c15996-15115	CP029605.1	100.000	882	0	0	1	882	2761437	2760556	0.0	1629
NC_019161.1:c15996-15115	CP030134.1	100.000	882	0	0	1	882	11086	10205	0.0	1629
NC_019161.1:c15996-15115	CP031720.1	100.000	882	0	0	1	882	92112	92993	0.0	1629
NC_019161.1:c15996-15115	MH514861.1	100.000	882	0	0	1	882	26018	25137	0.0	1629
NC_019161.1:c15996-15115	MH255827.1	100.000	882	0	0	1	882	70957	70076	0.0	1629
NC_019161.1:c15996-15115	MH255827.1	100.000	882	0	0	1	882	76649	75768	0.0	1629
NC_019161.1:c15996-15115	MH255827.1	100.000	882	0	0	1	882	82341	81460	0.0	1629
NC_019161.1:c15996-15115	MH255827.1	100.000	882	0	0	1	882	88033	87152	0.0	1629
NC_019161.1:c15996-15115	MH255827.1	100.000	882	0	0	1	882	93725	92844	0.0	1629
NC_019161.1:c15996-15115	MH661257.1	100.000	882	0	0	1	882	1	882	0.0	1629
NC_019161.1:c15996-15115	MH661253.1	100.000	882	0	0	1	882	1	882	0.0	1629
NC_019161.1:c15996-15115	MH661252.1	100.000	882	0	0	1	882	1	882	0.0	1629
NC_019161.1:c15996-15115	MH661251.1	100.000	882	0	0	1	882	1	882	0.0	1629
NC_019161.1:c15996-15115	MH661250.1	100.000	882	0	0	1	882	1	882	0.0	1629
NC_019161.1:c15996-15115	MH661249.1	100.000	882	0	0	1	882	1	882	0.0	1629
NC_019161.1:c15996-15115	CP027700.1	100.000	882	0	0	1	882	17922	17041	0.0	1629
NC_019161.1:c15996-15115	CP026131.1	100.000	882	0	0	1	882	70352	71233	0.0	1629
NC_019161.1:c15996-15115	MH411118.1	100.000	882	0	0	1	882	1	882	0.0	1629
NC_019161.1:c15996-15115	MF398271.1	100.000	882	0	0	1	882	104527	105408	0.0	1629
NC_019161.1:c15996-15115	CP030342.1	100.000	882	0	0	1	882	71286	70405	0.0	1629
NC_019161.1:c15996-15115	CP030267.1	100.000	882	0	0	1	882	6976	7857	0.0	1629
NC_019161.1:c15996-15115	CP028541.2	100.000	882	0	0	1	882	76064	75183	0.0	1629
NC_019161.1:c15996-15115	CP028541.2	100.000	882	0	0	1	882	80810	79929	0.0	1629
NC_019161.1:c15996-15115	CP028541.2	100.000	882	0	0	1	882	85556	84675	0.0	1629
NC_019161.1:c15996-15115	MH047294.1	100.000	882	0	0	1	882	7258	8139	0.0	1629
NC_019161.1:c15996-15115	CP023725.1	100.000	882	0	0	1	882	76226	77107	0.0	1629
NC_019161.1:c15996-15115	CP021195.1	100.000	882	0	0	1	882	51531	50650	0.0	1629
NC_019161.1:c15996-15115	CP023443.1	100.000	882	0	0	1	882	54565	55446	0.0	1629
NC_019161.1:c15996-15115	AP018674.1	100.000	882	0	0	1	882	22696	23577	0.0	1629
NC_019161.1:c15996-15115	MH263653.1	100.000	882	0	0	1	882	66417	65536	0.0	1629
NC_019161.1:c15996-15115	CP029431.1	100.000	882	0	0	1	882	66765	65884	0.0	1629
NC_019161.1:c15996-15115	CP029429.1	100.000	882	0	0	1	882	23128	22247	0.0	1629
NC_019161.1:c15996-15115	CP029439.1	100.000	882	0	0	1	882	33092	33973	0.0	1629
NC_019161.1:c15996-15115	CP029446.1	100.000	882	0	0	1	882	44693	45574	0.0	1629
NC_019161.1:c15996-15115	CP029381.1	100.000	882	0	0	1	882	82063	82944	0.0	1629
NC_019161.1:c15996-15115	CP029230.1	100.000	882	0	0	1	882	168311	167430	0.0	1629
NC_019161.1:c15996-15115	CP029225.1	100.000	882	0	0	1	882	86237	85356	0.0	1629
NC_019161.1:c15996-15115	CP029219.1	100.000	882	0	0	1	882	43762	44643	0.0	1629
NC_019161.1:c15996-15115	MH192342.1	100.000	882	0	0	1	882	6974	7855	0.0	1629
NC_019161.1:c15996-15115	MF156695.1	100.000	882	0	0	1	882	84410	83529	0.0	1629
NC_019161.1:c15996-15115	MG764553.1	100.000	882	0	0	1	882	74346	73465	0.0	1629
NC_019161.1:c15996-15115	MG764550.1	100.000	882	0	0	1	882	147148	146267	0.0	1629
NC_019161.1:c15996-15115	CP028389.2	100.000	882	0	0	1	882	62717	63598	0.0	1629
NC_019161.1:c15996-15115	CP029092.1	100.000	882	0	0	1	882	16411	15530	0.0	1629
NC_019161.1:c15996-15115	CP028958.1	100.000	882	0	0	1	882	51577	50696	0.0	1629
NC_019161.1:c15996-15115	CP028958.1	100.000	882	0	0	1	882	54181	55062	0.0	1629
NC_019161.1:c15996-15115	CP028790.1	100.000	882	0	0	1	882	51135	52016	0.0	1629
NC_019161.1:c15996-15115	CP028796.1	100.000	882	0	0	1	882	52510	53391	0.0	1629
NC_019161.1:c15996-15115	CP028805.1	100.000	882	0	0	1	882	125896	125015	0.0	1629
NC_019161.1:c15996-15115	CP028582.1	100.000	882	0	0	1	882	103167	102286	0.0	1629
NC_019161.1:c15996-15115	CP028554.1	100.000	882	0	0	1	882	78892	79773	0.0	1629
NC_019161.1:c15996-15115	CP028547.1	100.000	882	0	0	1	882	23747	24628	0.0	1629
NC_019161.1:c15996-15115	CP028566.1	100.000	882	0	0	1	882	22999	22118	0.0	1629
NC_019161.1:c15996-15115	MG288681.1	100.000	882	0	0	1	882	22762	21881	0.0	1629
NC_019161.1:c15996-15115	LT992437.1	100.000	882	0	0	1	882	24209	23328	0.0	1629
NC_019161.1:c15996-15115	MH000708.1	100.000	882	0	0	1	882	4175	5056	0.0	1629
NC_019161.1:c15996-15115	CP023480.1	100.000	882	0	0	1	882	3328	4209	0.0	1629
NC_019161.1:c15996-15115	CP027158.1	100.000	882	0	0	1	882	40197	39316	0.0	1629
NC_019161.1:c15996-15115	CP027168.1	100.000	882	0	0	1	882	44906	44025	0.0	1629
NC_019161.1:c15996-15115	CP027150.1	100.000	882	0	0	1	882	58766	59647	0.0	1629
NC_019161.1:c15996-15115	CP027143.1	100.000	882	0	0	1	882	19926	19045	0.0	1629
NC_019161.1:c15996-15115	CP027067.1	100.000	882	0	0	1	882	51739	52620	0.0	1629
NC_019161.1:c15996-15115	MF344555.1	100.000	882	0	0	1	882	9889	10770	0.0	1629
NC_019161.1:c15996-15115	MG786907.1	100.000	882	0	0	1	882	1612	2493	0.0	1629
NC_019161.1:c15996-15115	CP026584.1	100.000	882	0	0	1	882	7299	6418	0.0	1629
NC_019161.1:c15996-15115	MF072963.1	100.000	882	0	0	1	882	7737	8618	0.0	1629
NC_019161.1:c15996-15115	CP026589.1	100.000	882	0	0	1	882	53256	52375	0.0	1629
NC_019161.1:c15996-15115	CP026230.1	100.000	882	0	0	1	882	70006	70887	0.0	1629
NC_019161.1:c15996-15115	CP026219.1	100.000	882	0	0	1	882	11057	10176	0.0	1629
NC_019161.1:c15996-15115	CP026232.1	100.000	882	0	0	1	882	21134	22015	0.0	1629
NC_019161.1:c15996-15115	CP026216.1	100.000	882	0	0	1	882	890231	891112	0.0	1629
NC_019161.1:c15996-15115	CP026216.1	100.000	882	0	0	1	882	2480911	2481792	0.0	1629
NC_019161.1:c15996-15115	CP026213.1	100.000	882	0	0	1	882	158187	159068	0.0	1629
NC_019161.1:c15996-15115	CP026210.1	100.000	882	0	0	1	882	45737	44856	0.0	1629
NC_019161.1:c15996-15115	CP026395.1	100.000	882	0	0	1	882	23636	24517	0.0	1629
NC_019161.1:c15996-15115	CP026394.1	100.000	882	0	0	1	882	9733	8852	0.0	1629
NC_019161.1:c15996-15115	CP026392.1	100.000	882	0	0	1	882	3168226	3167345	0.0	1629
NC_019161.1:c15996-15115	CP026386.1	100.000	882	0	0	1	882	4073216	4074097	0.0	1629
NC_019161.1:c15996-15115	CP026386.1	100.000	882	0	0	1	882	4076681	4075800	0.0	1629
NC_019161.1:c15996-15115	CP026385.1	100.000	882	0	0	1	882	58920	58039	0.0	1629
NC_019161.1:c15996-15115	CP026401.1	100.000	882	0	0	1	882	5205	6086	0.0	1629
NC_019161.1:c15996-15115	CP026389.1	100.000	882	0	0	1	882	15582	14701	0.0	1629
NC_019161.1:c15996-15115	CP026406.1	100.000	882	0	0	1	882	4143165	4144046	0.0	1629
NC_019161.1:c15996-15115	CP026406.1	100.000	882	0	0	1	882	4152054	4152935	0.0	1629
NC_019161.1:c15996-15115	CP026406.1	100.000	882	0	0	1	882	4160943	4161824	0.0	1629
NC_019161.1:c15996-15115	CP026418.1	100.000	882	0	0	1	882	27448	26567	0.0	1629
NC_019161.1:c15996-15115	CP018887.1	100.000	882	0	0	1	882	95896	95015	0.0	1629
NC_019161.1:c15996-15115	CP018884.1	100.000	882	0	0	1	882	59096	58215	0.0	1629
NC_019161.1:c15996-15115	CP026280.1	100.000	882	0	0	1	882	107380	106499	0.0	1629
NC_019161.1:c15996-15115	CP026274.1	100.000	882	0	0	1	882	116039	116920	0.0	1629
NC_019161.1:c15996-15115	CP026274.1	100.000	882	0	0	1	882	202839	203720	0.0	1629
NC_019161.1:c15996-15115	CP026272.1	100.000	882	0	0	1	882	38995	39876	0.0	1629
NC_019161.1:c15996-15115	CP026277.1	100.000	882	0	0	1	882	34181	35062	0.0	1629
NC_019161.1:c15996-15115	CP026175.1	100.000	882	0	0	1	882	108936	108055	0.0	1629
NC_019161.1:c15996-15115	CP026179.1	100.000	882	0	0	1	882	75365	74484	0.0	1629
NC_019161.1:c15996-15115	CP026205.1	100.000	882	0	0	1	882	71128	70247	0.0	1629
NC_019161.1:c15996-15115	CP026204.1	100.000	882	0	0	1	882	52755	51874	0.0	1629
NC_019161.1:c15996-15115	CP026239.1	100.000	882	0	0	1	882	27617	26736	0.0	1629
NC_019161.1:c15996-15115	CP026239.1	100.000	882	0	0	1	882	45124	46005	0.0	1629
NC_019161.1:c15996-15115	CP026198.1	100.000	882	0	0	1	882	71603	72484	0.0	1629
NC_019161.1:c15996-15115	CP026236.1	100.000	882	0	0	1	882	18143	19024	0.0	1629
NC_019161.1:c15996-15115	CP026188.1	100.000	882	0	0	1	882	12625	11744	0.0	1629
NC_019161.1:c15996-15115	CP026194.1	100.000	882	0	0	1	882	14191	15072	0.0	1629
NC_019161.1:c15996-15115	CP026193.1	100.000	882	0	0	1	882	663280	664161	0.0	1629
NC_019161.1:c15996-15115	CP026193.1	100.000	882	0	0	1	882	4749611	4748730	0.0	1629
NC_019161.1:c15996-15115	CP026225.1	100.000	882	0	0	1	882	149376	150257	0.0	1629
NC_019161.1:c15996-15115	CP026224.1	100.000	882	0	0	1	882	10422	11303	0.0	1629
NC_019161.1:c15996-15115	CP026169.1	100.000	882	0	0	1	882	14605	13724	0.0	1629
NC_019161.1:c15996-15115	CP026227.1	100.000	882	0	0	1	882	11403	10522	0.0	1629
NC_019161.1:c15996-15115	CP026124.1	100.000	882	0	0	1	882	2832305	2833186	0.0	1629
NC_019161.1:c15996-15115	CP026124.1	100.000	882	0	0	1	882	2835770	2834889	0.0	1629
NC_019161.1:c15996-15115	CP026123.1	100.000	882	0	0	1	882	3629	2748	0.0	1629
NC_019161.1:c15996-15115	CP025952.1	100.000	882	0	0	1	882	169260	170141	0.0	1629
NC_019161.1:c15996-15115	CP025468.1	100.000	882	0	0	1	882	120538	121419	0.0	1629
NC_019161.1:c15996-15115	CP025463.1	100.000	882	0	0	1	882	56800	57681	0.0	1629
NC_019161.1:c15996-15115	CP025458.1	100.000	882	0	0	1	882	109478	110359	0.0	1629
NC_019161.1:c15996-15115	MG053313.1	100.000	882	0	0	1	882	9834	8953	0.0	1629
NC_019161.1:c15996-15115	MF918372.1	100.000	882	0	0	1	882	69241	70122	0.0	1629
NC_019161.1:c15996-15115	MF788069.1	100.000	882	0	0	1	882	18224	17343	0.0	1629
NC_019161.1:c15996-15115	MG558000.1	100.000	882	0	0	1	882	7536	6655	0.0	1629
NC_019161.1:c15996-15115	MG557999.1	100.000	882	0	0	1	882	38185	39066	0.0	1629
NC_019161.1:c15996-15115	MG557998.1	100.000	882	0	0	1	882	38185	39066	0.0	1629
NC_019161.1:c15996-15115	MG557997.1	100.000	882	0	0	1	882	38185	39066	0.0	1629
NC_019161.1:c15996-15115	MG557996.1	100.000	882	0	0	1	882	38185	39066	0.0	1629
NC_019161.1:c15996-15115	MG557995.1	100.000	882	0	0	1	882	38185	39066	0.0	1629
NC_019161.1:c15996-15115	MG557994.1	100.000	882	0	0	1	882	38185	39066	0.0	1629
NC_019161.1:c15996-15115	CP025148.1	100.000	882	0	0	1	882	106294	107175	0.0	1629
NC_019161.1:c15996-15115	CP025147.1	100.000	882	0	0	1	882	93247	94128	0.0	1629
NC_019161.1:c15996-15115	CP025141.1	100.000	882	0	0	1	882	87941	88822	0.0	1629
NC_019161.1:c15996-15115	CP025010.1	100.000	882	0	0	1	882	42707	41826	0.0	1629
NC_019161.1:c15996-15115	CP025009.1	100.000	882	0	0	1	882	96124	95243	0.0	1629
NC_019161.1:c15996-15115	CP025006.1	100.000	882	0	0	1	882	87448	86567	0.0	1629
NC_019161.1:c15996-15115	MF383354.1	100.000	882	0	0	1	882	1763	2644	0.0	1629
NC_019161.1:c15996-15115	KY081424.1	100.000	882	0	0	1	882	5718	4837	0.0	1629
NC_019161.1:c15996-15115	KY081423.1	100.000	882	0	0	1	882	5718	4837	0.0	1629
NC_019161.1:c15996-15115	KY081422.1	100.000	882	0	0	1	882	5718	4837	0.0	1629
NC_019161.1:c15996-15115	KY081421.1	100.000	882	0	0	1	882	5718	4837	0.0	1629
NC_019161.1:c15996-15115	KY081420.1	100.000	882	0	0	1	882	5718	4837	0.0	1629
NC_019161.1:c15996-15115	KY081419.1	100.000	882	0	0	1	882	5718	4837	0.0	1629
NC_019161.1:c15996-15115	CP023952.1	100.000	882	0	0	1	882	183377	184258	0.0	1629
NC_019161.1:c15996-15115	CP023942.1	100.000	882	0	0	1	882	85218	86099	0.0	1629
NC_019161.1:c15996-15115	CP023938.1	100.000	882	0	0	1	882	24453	23572	0.0	1629
NC_019161.1:c15996-15115	CP023928.1	100.000	882	0	0	1	882	93199	92318	0.0	1629
NC_019161.1:c15996-15115	KY062156.1	100.000	882	0	0	1	882	41336	40455	0.0	1629
NC_019161.1:c15996-15115	MF497782.1	100.000	882	0	0	1	882	7536	6655	0.0	1629
NC_019161.1:c15996-15115	MF497781.1	100.000	882	0	0	1	882	38185	39066	0.0	1629
NC_019161.1:c15996-15115	MF497780.1	100.000	882	0	0	1	882	38185	39066	0.0	1629
NC_019161.1:c15996-15115	MF327266.1	100.000	882	0	0	1	882	2505	1624	0.0	1629
NC_019161.1:c15996-15115	MF327265.1	100.000	882	0	0	1	882	7540	8421	0.0	1629
NC_019161.1:c15996-15115	MF327263.1	100.000	882	0	0	1	882	1562	2443	0.0	1629
NC_019161.1:c15996-15115	CP017086.1	100.000	882	0	0	1	882	2916	3797	0.0	1629
NC_019161.1:c15996-15115	CP017083.1	100.000	882	0	0	1	882	6147	7028	0.0	1629
NC_019161.1:c15996-15115	CP023186.1	100.000	882	0	0	1	882	40861	41742	0.0	1629
NC_019161.1:c15996-15115	MF437312.1	100.000	882	0	0	1	882	77486	76605	0.0	1629
NC_019161.1:c15996-15115	MF168406.1	100.000	882	0	0	1	882	69070	68189	0.0	1629
NC_019161.1:c15996-15115	MF168405.1	100.000	882	0	0	1	882	79179	78298	0.0	1629
NC_019161.1:c15996-15115	MF168404.1	100.000	882	0	0	1	882	80558	81439	0.0	1629
NC_019161.1:c15996-15115	MF168403.1	100.000	882	0	0	1	882	79180	78299	0.0	1629
NC_019161.1:c15996-15115	MF168402.1	100.000	882	0	0	1	882	80860	79979	0.0	1629
NC_019161.1:c15996-15115	MF156711.1	100.000	882	0	0	1	882	10027	9146	0.0	1629
NC_019161.1:c15996-15115	MF156708.1	100.000	882	0	0	1	882	17358	18239	0.0	1629
NC_019161.1:c15996-15115	MF156712.1	100.000	882	0	0	1	882	10097	9216	0.0	1629
NC_019161.1:c15996-15115	MF156710.1	100.000	882	0	0	1	882	10097	9216	0.0	1629
NC_019161.1:c15996-15115	MF156709.1	100.000	882	0	0	1	882	10097	9216	0.0	1629
NC_019161.1:c15996-15115	CP022698.1	100.000	882	0	0	1	882	80788	81669	0.0	1629
NC_019161.1:c15996-15115	CP022693.1	100.000	882	0	0	1	882	38142	37261	0.0	1629
NC_019161.1:c15996-15115	KY986974.1	100.000	882	0	0	1	882	160478	159597	0.0	1629
NC_019161.1:c15996-15115	CP022574.1	100.000	882	0	0	1	882	10300	9419	0.0	1629
NC_019161.1:c15996-15115	MF133495.1	100.000	882	0	0	1	882	74829	73948	0.0	1629
NC_019161.1:c15996-15115	CP022349.1	100.000	882	0	0	1	882	24696	23815	0.0	1629
NC_019161.1:c15996-15115	CP022276.1	100.000	882	0	0	1	882	5737	4856	0.0	1629
NC_019161.1:c15996-15115	CP022275.1	100.000	882	0	0	1	882	79556	80437	0.0	1629
NC_019161.1:c15996-15115	CP021328.1	100.000	882	0	0	1	882	177936	177055	0.0	1629
NC_019161.1:c15996-15115	MF150120.1	100.000	882	0	0	1	882	3915	3034	0.0	1629
NC_019161.1:c15996-15115	KY296095.1	100.000	882	0	0	1	882	10092	9211	0.0	1629
NC_019161.1:c15996-15115	KY913901.1	100.000	882	0	0	1	882	24295	23414	0.0	1629
NC_019161.1:c15996-15115	CP017993.1	100.000	882	0	0	1	882	6343	7224	0.0	1629
NC_019161.1:c15996-15115	CP021835.1	100.000	882	0	0	1	882	145838	146719	0.0	1629
NC_019161.1:c15996-15115	CP021853.1	100.000	882	0	0	1	882	72174	73055	0.0	1629
NC_019161.1:c15996-15115	CP021743.1	100.000	882	0	0	1	882	8254	7373	0.0	1629
NC_019161.1:c15996-15115	CP021750.1	100.000	882	0	0	1	882	33020	32139	0.0	1629
NC_019161.1:c15996-15115	KY271415.1	100.000	882	0	0	1	882	32496	33377	0.0	1629
NC_019161.1:c15996-15115	KY271414.1	100.000	882	0	0	1	882	24916	25797	0.0	1629
NC_019161.1:c15996-15115	KY798507.1	100.000	882	0	0	1	882	15984	16865	0.0	1629
NC_019161.1:c15996-15115	KY798506.1	100.000	882	0	0	1	882	13413	14294	0.0	1629
NC_019161.1:c15996-15115	KY798505.1	100.000	882	0	0	1	882	62486	63367	0.0	1629
NC_019161.1:c15996-15115	KX928752.1	100.000	882	0	0	1	882	31795	32676	0.0	1629
NC_019161.1:c15996-15115	KX928751.1	100.000	882	0	0	1	882	5642	6523	0.0	1629
NC_019161.1:c15996-15115	KX928750.1	100.000	882	0	0	1	882	6012	6893	0.0	1629
NC_019161.1:c15996-15115	KX683284.1	100.000	882	0	0	1	882	39101	39982	0.0	1629
NC_019161.1:c15996-15115	KX397572.1	100.000	882	0	0	1	882	30327	31208	0.0	1629
NC_019161.1:c15996-15115	KY270850.1	100.000	882	0	0	1	882	9655	10536	0.0	1629
NC_019161.1:c15996-15115	KY270849.1	100.000	882	0	0	1	882	111073	110192	0.0	1629
NC_019161.1:c15996-15115	KY296104.1	100.000	882	0	0	1	882	30913	30032	0.0	1629
NC_019161.1:c15996-15115	CP020110.1	100.000	882	0	0	1	882	21010	20129	0.0	1629
NC_019161.1:c15996-15115	KY689238.1	100.000	882	0	0	1	882	65610	64729	0.0	1629
NC_019161.1:c15996-15115	KY399973.1	100.000	882	0	0	1	882	5682	6563	0.0	1629
NC_019161.1:c15996-15115	KY399972.1	100.000	882	0	0	1	882	5682	6563	0.0	1629
NC_019161.1:c15996-15115	CP019017.1	100.000	882	0	0	1	882	33111	32230	0.0	1629
NC_019161.1:c15996-15115	CP019006.1	100.000	882	0	0	1	882	37442	36561	0.0	1629
NC_019161.1:c15996-15115	CP019001.1	100.000	882	0	0	1	882	83397	84278	0.0	1629
NC_019161.1:c15996-15115	CP018999.1	100.000	882	0	0	1	882	143422	144303	0.0	1629
NC_019161.1:c15996-15115	CP018989.1	100.000	882	0	0	1	882	6561	5680	0.0	1629
NC_019161.1:c15996-15115	CP019026.1	100.000	882	0	0	1	882	42692	43573	0.0	1629
NC_019161.1:c15996-15115	CP018977.1	100.000	882	0	0	1	882	29270	30151	0.0	1629
NC_019161.1:c15996-15115	CP018974.1	100.000	882	0	0	1	882	57123	58004	0.0	1629
NC_019161.1:c15996-15115	CP018968.1	100.000	882	0	0	1	882	39740	38859	0.0	1629
NC_019161.1:c15996-15115	CP018963.1	100.000	882	0	0	1	882	29270	30151	0.0	1629
NC_019161.1:c15996-15115	CP018959.1	100.000	882	0	0	1	882	37422	36541	0.0	1629
NC_019161.1:c15996-15115	CP018956.1	100.000	882	0	0	1	882	191286	190405	0.0	1629
NC_019161.1:c15996-15115	CP018949.1	100.000	882	0	0	1	882	4629	5510	0.0	1629
NC_019161.1:c15996-15115	CP018945.1	100.000	882	0	0	1	882	34233	35114	0.0	1629
NC_019161.1:c15996-15115	KX881941.1	100.000	882	0	0	1	882	26060	26941	0.0	1629
NC_019161.1:c15996-15115	KY128484.1	100.000	882	0	0	1	882	29181	28300	0.0	1629
NC_019161.1:c15996-15115	KY128483.1	100.000	882	0	0	1	882	28884	28003	0.0	1629
NC_019161.1:c15996-15115	KX348144.1	100.000	882	0	0	1	882	28714	27833	0.0	1629
NC_019161.1:c15996-15115	CP015395.1	100.000	882	0	0	1	882	39430	38549	0.0	1629
NC_019161.1:c15996-15115	CP015382.1	100.000	882	0	0	1	882	665480	666361	0.0	1629
NC_019161.1:c15996-15115	LT599827.1	100.000	882	0	0	1	882	68332	69213	0.0	1629
NC_019161.1:c15996-15115	LT599826.1	100.000	882	0	0	1	882	11621	12502	0.0	1629
NC_019161.1:c15996-15115	CP018669.1	100.000	882	0	0	1	882	58504	57623	0.0	1629
NC_019161.1:c15996-15115	CP018668.1	100.000	882	0	0	1	882	11084	10203	0.0	1629
NC_019161.1:c15996-15115	CP018455.1	100.000	882	0	0	1	882	22399	21518	0.0	1629
NC_019161.1:c15996-15115	CP018362.1	100.000	882	0	0	1	882	5204508	5203627	0.0	1629
NC_019161.1:c15996-15115	CP018356.1	100.000	882	0	0	1	882	4447120	4448001	0.0	1629
NC_019161.1:c15996-15115	CP018436.1	100.000	882	0	0	1	882	30216	31097	0.0	1629
NC_019161.1:c15996-15115	CP018432.1	100.000	882	0	0	1	882	30215	31096	0.0	1629
NC_019161.1:c15996-15115	CP018426.1	100.000	882	0	0	1	882	30216	31097	0.0	1629
NC_019161.1:c15996-15115	KU696016.1	100.000	882	0	0	1	882	1	882	0.0	1629
NC_019161.1:c15996-15115	KU696015.1	100.000	882	0	0	1	882	1	882	0.0	1629
NC_019161.1:c15996-15115	KU696014.1	100.000	882	0	0	1	882	1	882	0.0	1629
NC_019161.1:c15996-15115	KU696013.1	100.000	882	0	0	1	882	1	882	0.0	1629
NC_019161.1:c15996-15115	KU696012.1	100.000	882	0	0	1	882	1	882	0.0	1629
NC_019161.1:c15996-15115	KU696011.1	100.000	882	0	0	1	882	1	882	0.0	1629
NC_019161.1:c15996-15115	KU696002.1	100.000	882	0	0	1	882	1	882	0.0	1629
NC_019161.1:c15996-15115	KU695999.1	100.000	882	0	0	1	882	1	882	0.0	1629
NC_019161.1:c15996-15115	KU695996.1	100.000	882	0	0	1	882	1	882	0.0	1629
NC_019161.1:c15996-15115	KX783441.1	100.000	882	0	0	1	882	24827	23946	0.0	1629
NC_019161.1:c15996-15115	KX783440.1	100.000	882	0	0	1	882	12176	13057	0.0	1629
NC_019161.1:c15996-15115	KX783439.1	100.000	882	0	0	1	882	12176	13057	0.0	1629
NC_019161.1:c15996-15115	CP017937.1	100.000	882	0	0	1	882	32413	31532	0.0	1629
NC_019161.1:c15996-15115	CP017929.1	100.000	882	0	0	1	882	86740	87621	0.0	1629
NC_019161.1:c15996-15115	CP016403.1	100.000	882	0	0	1	882	91933	92814	0.0	1629
NC_019161.1:c15996-15115	CP016402.1	100.000	882	0	0	1	882	53749	52868	0.0	1629
NC_019161.1:c15996-15115	KX276209.1	100.000	882	0	0	1	882	29273	30154	0.0	1629
NC_019161.1:c15996-15115	KX154765.1	100.000	882	0	0	1	882	25156	24275	0.0	1629
NC_019161.1:c15996-15115	KX169264.1	100.000	882	0	0	1	882	6451	5570	0.0	1629
NC_019161.1:c15996-15115	KX756453.1	100.000	882	0	0	1	882	6284	5403	0.0	1629
NC_019161.1:c15996-15115	KX062091.1	100.000	882	0	0	1	882	28045	28926	0.0	1629
NC_019161.1:c15996-15115	KX236178.1	100.000	882	0	0	1	882	103552	102671	0.0	1629
NC_019161.1:c15996-15115	CP016381.1	100.000	882	0	0	1	882	10918	11799	0.0	1629
NC_019161.1:c15996-15115	KU318419.1	100.000	882	0	0	1	882	21255	22136	0.0	1629
NC_019161.1:c15996-15115	CP015991.1	100.000	882	0	0	1	882	42583	41702	0.0	1629
NC_019161.1:c15996-15115	CP015990.1	100.000	882	0	0	1	882	1779182	1778301	0.0	1629
NC_019161.1:c15996-15115	KU665642.1	100.000	882	0	0	1	882	12173	13054	0.0	1629
NC_019161.1:c15996-15115	KU963389.1	100.000	882	0	0	1	882	4007	4888	0.0	1629
NC_019161.1:c15996-15115	NG_049253.1	100.000	882	0	0	1	882	6	887	0.0	1629
NC_019161.1:c15996-15115	LT009689.1	100.000	882	0	0	1	882	9744	8863	0.0	1629
NC_019161.1:c15996-15115	LT009688.1	100.000	882	0	0	1	882	154304	155185	0.0	1629
NC_019161.1:c15996-15115	LT216438.1	100.000	882	0	0	1	882	95636	94755	0.0	1629
NC_019161.1:c15996-15115	HG969996.1	100.000	882	0	0	1	882	15984	16865	0.0	1629
NC_019161.1:c15996-15115	HG969995.1	100.000	882	0	0	1	882	15984	16865	0.0	1629
NC_019161.1:c15996-15115	CP015347.1	100.000	882	0	0	1	882	4263866	4264747	0.0	1629
NC_019161.1:c15996-15115	CP015347.1	100.000	882	0	0	1	882	4270677	4269796	0.0	1629
NC_019161.1:c15996-15115	KT922274.1	100.000	882	0	0	1	882	10088	9207	0.0	1629
NC_019161.1:c15996-15115	KT922272.1	100.000	882	0	0	1	882	15501	14620	0.0	1629
NC_019161.1:c15996-15115	KU295135.1	100.000	882	0	0	1	882	11256	12137	0.0	1629
NC_019161.1:c15996-15115	KU295133.1	100.000	882	0	0	1	882	12173	13054	0.0	1629
NC_019161.1:c15996-15115	KU295132.1	100.000	882	0	0	1	882	18528	17647	0.0	1629
NC_019161.1:c15996-15115	KU578314.1	100.000	882	0	0	1	882	22978	22097	0.0	1629
NC_019161.1:c15996-15115	KR014106.1	100.000	882	0	0	1	882	9900	10781	0.0	1629
NC_019161.1:c15996-15115	KU176944.1	100.000	882	0	0	1	882	36853	37734	0.0	1629
NC_019161.1:c15996-15115	KT185451.1	100.000	882	0	0	1	882	86330	85449	0.0	1629
NC_019161.1:c15996-15115	CP012000.1	100.000	882	0	0	1	882	12170	13051	0.0	1629
NC_019161.1:c15996-15115	CP011999.1	100.000	882	0	0	1	882	28772	27891	0.0	1629
NC_019161.1:c15996-15115	CP013325.1	100.000	882	0	0	1	882	38357	37476	0.0	1629
NC_019161.1:c15996-15115	KP726894.1	100.000	882	0	0	1	882	3972	3091	0.0	1629
NC_019161.1:c15996-15115	KP987218.1	100.000	882	0	0	1	882	19740	18859	0.0	1629
NC_019161.1:c15996-15115	KP987215.1	100.000	882	0	0	1	882	6232	7113	0.0	1629
NC_019161.1:c15996-15115	KP893385.1	100.000	882	0	0	1	882	125822	124941	0.0	1629
NC_019161.1:c15996-15115	CP011991.1	100.000	882	0	0	1	882	81054	81935	0.0	1629
NC_019161.1:c15996-15115	CP011986.1	100.000	882	0	0	1	882	12173	13054	0.0	1629
NC_019161.1:c15996-15115	CP011981.1	100.000	882	0	0	1	882	12173	13054	0.0	1629
NC_019161.1:c15996-15115	KP868646.1	100.000	882	0	0	1	882	5682	6563	0.0	1629
NC_019161.1:c15996-15115	KR052102.1	100.000	882	0	0	1	882	4486	5367	0.0	1629
NC_019161.1:c15996-15115	KR052101.1	100.000	882	0	0	1	882	4484	5365	0.0	1629
NC_019161.1:c15996-15115	KR052100.1	100.000	882	0	0	1	882	4484	5365	0.0	1629
NC_019161.1:c15996-15115	KR052097.1	100.000	882	0	0	1	882	5093	5974	0.0	1629
NC_019161.1:c15996-15115	KR052098.1	100.000	882	0	0	1	882	7228	8109	0.0	1629
NC_019161.1:c15996-15115	KT001101.1	100.000	882	0	0	1	882	28	909	0.0	1629
NC_019161.1:c15996-15115	KT001100.1	100.000	882	0	0	1	882	41	922	0.0	1629
NC_019161.1:c15996-15115	KT001097.1	100.000	882	0	0	1	882	13	894	0.0	1629
NC_019161.1:c15996-15115	CP011656.1	100.000	882	0	0	1	882	32413	31532	0.0	1629
NC_019161.1:c15996-15115	CP011656.1	100.000	882	0	0	1	882	117988	117107	0.0	1629
NC_019161.1:c15996-15115	CP011649.1	100.000	882	0	0	1	882	17313	16432	0.0	1629
NC_019161.1:c15996-15115	CP011639.1	100.000	882	0	0	1	882	35584	36465	0.0	1629
NC_019161.1:c15996-15115	CP011635.1	100.000	882	0	0	1	882	207806	208687	0.0	1629
NC_019161.1:c15996-15115	CP011622.1	100.000	882	0	0	1	882	115664	114783	0.0	1629
NC_019161.1:c15996-15115	CP011611.1	100.000	882	0	0	1	882	37144	38025	0.0	1629
NC_019161.1:c15996-15115	CP011608.1	100.000	882	0	0	1	882	33638	32757	0.0	1629
NC_019161.1:c15996-15115	CP011582.1	100.000	882	0	0	1	882	32413	31532	0.0	1629
NC_019161.1:c15996-15115	CP011580.1	100.000	882	0	0	1	882	17313	16432	0.0	1629
NC_019161.1:c15996-15115	CP011573.1	100.000	882	0	0	1	882	10965	11846	0.0	1629
NC_019161.1:c15996-15115	CP011571.1	100.000	882	0	0	1	882	17313	16432	0.0	1629
NC_019161.1:c15996-15115	KR108242.1	100.000	882	0	0	1	882	643	1524	0.0	1629
NC_019161.1:c15996-15115	KP125892.1	100.000	882	0	0	1	882	9332	8451	0.0	1629
NC_019161.1:c15996-15115	KF680002.1	100.000	882	0	0	1	882	5451	6332	0.0	1629
NC_019161.1:c15996-15115	CP010575.1	100.000	882	0	0	1	882	33517	34398	0.0	1629
NC_019161.1:c15996-15115	KM983022.1	100.000	882	0	0	1	882	7745	8626	0.0	1629
NC_019161.1:c15996-15115	KP008371.1	100.000	882	0	0	1	882	57562	58443	0.0	1629
NC_019161.1:c15996-15115	CP009466.1	100.000	882	0	0	1	882	86740	87621	0.0	1629
NC_019161.1:c15996-15115	CP009465.1	100.000	882	0	0	1	882	32413	31532	0.0	1629
NC_019161.1:c15996-15115	CP010362.1	100.000	882	0	0	1	882	42512	41631	0.0	1629
NC_019161.1:c15996-15115	CP010396.1	100.000	882	0	0	1	882	56557	55676	0.0	1629
NC_019161.1:c15996-15115	CP010379.1	100.000	882	0	0	1	882	14578	13697	0.0	1629
NC_019161.1:c15996-15115	CP010374.1	100.000	882	0	0	1	882	42090	42971	0.0	1629
NC_019161.1:c15996-15115	KM403446.1	100.000	882	0	0	1	882	550	1431	0.0	1629
NC_019161.1:c15996-15115	KJ653815.1	100.000	882	0	0	1	882	9855	8974	0.0	1629
NC_019161.1:c15996-15115	CP009881.1	100.000	882	0	0	1	882	29121	28240	0.0	1629
NC_019161.1:c15996-15115	CP009876.1	100.000	882	0	0	1	882	4518586	4517705	0.0	1629
NC_019161.1:c15996-15115	CP009867.1	100.000	882	0	0	1	882	32788	31907	0.0	1629
NC_019161.1:c15996-15115	CP009862.1	100.000	882	0	0	1	882	29121	28240	0.0	1629
NC_019161.1:c15996-15115	CP009853.1	100.000	882	0	0	1	882	35345	34464	0.0	1629
NC_019161.1:c15996-15115	LN610760.1	100.000	882	0	0	1	882	34173	35054	0.0	1629
NC_019161.1:c15996-15115	CP008901.1	100.000	882	0	0	1	882	29121	28240	0.0	1629
NC_019161.1:c15996-15115	CP008824.1	100.000	882	0	0	1	882	223274	222393	0.0	1629
NC_019161.1:c15996-15115	CP008833.1	100.000	882	0	0	1	882	15984	16865	0.0	1629
NC_019161.1:c15996-15115	KJ933392.1	100.000	882	0	0	1	882	47841	48722	0.0	1629
NC_019161.1:c15996-15115	CP008798.1	100.000	882	0	0	1	882	34142	35023	0.0	1629
NC_019161.1:c15996-15115	CP008791.1	100.000	882	0	0	1	882	64455	63574	0.0	1629
NC_019161.1:c15996-15115	CP008791.1	100.000	882	0	0	1	882	152628	153509	0.0	1629
NC_019161.1:c15996-15115	CP007732.1	100.000	882	0	0	1	882	175606	174725	0.0	1629
NC_019161.1:c15996-15115	CP007558.1	100.000	882	0	0	1	882	175595	174714	0.0	1629
NC_019161.1:c15996-15115	KJ210592.1	100.000	882	0	0	1	882	12206	11325	0.0	1629
NC_019161.1:c15996-15115	KJ510411.1	100.000	882	0	0	1	882	3078	3959	0.0	1629
NC_019161.1:c15996-15115	KJ151293.1	100.000	882	0	0	1	882	10	891	0.0	1629
NC_019161.1:c15996-15115	KJ146689.1	100.000	882	0	0	1	882	12173	13054	0.0	1629
NC_019161.1:c15996-15115	KJ146688.1	100.000	882	0	0	1	882	12173	13054	0.0	1629
NC_019161.1:c15996-15115	KJ146687.1	100.000	882	0	0	1	882	12173	13054	0.0	1629
NC_019161.1:c15996-15115	KF874497.2	100.000	882	0	0	1	882	15984	16865	0.0	1629
NC_019161.1:c15996-15115	KF826293.1	100.000	882	0	0	1	882	8914	8033	0.0	1629
NC_019161.1:c15996-15115	KF826292.1	100.000	882	0	0	1	882	9463	8582	0.0	1629
NC_019161.1:c15996-15115	KF826291.1	100.000	882	0	0	1	882	9077	8196	0.0	1629
NC_019161.1:c15996-15115	KF701335.1	100.000	882	0	0	1	882	18981	18100	0.0	1629
NC_019161.1:c15996-15115	KF874499.1	100.000	882	0	0	1	882	15984	16865	0.0	1629
NC_019161.1:c15996-15115	KF874498.1	100.000	882	0	0	1	882	15984	16865	0.0	1629
NC_019161.1:c15996-15115	KF874496.1	100.000	882	0	0	1	882	15984	16865	0.0	1629
NC_019161.1:c15996-15115	KF914891.1	100.000	882	0	0	1	882	4662	5543	0.0	1629
NC_019161.1:c15996-15115	KF724507.1	100.000	882	0	0	1	882	8863	7982	0.0	1629
NC_019161.1:c15996-15115	KF724506.1	100.000	882	0	0	1	882	8889	8008	0.0	1629
NC_019161.1:c15996-15115	KF623109.1	100.000	882	0	0	1	882	37711	36830	0.0	1629
NC_019161.1:c15996-15115	KC355363.1	100.000	882	0	0	1	882	5184	4303	0.0	1629
NC_019161.1:c15996-15115	CP003997.1	100.000	882	0	0	1	882	6450	5569	0.0	1629
NC_019161.1:c15996-15115	KC788405.1	100.000	882	0	0	1	882	69148	70029	0.0	1629
NC_019161.1:c15996-15115	CP004367.2	100.000	882	0	0	1	882	34742	35623	0.0	1629
NC_019161.1:c15996-15115	CP004366.2	100.000	882	0	0	1	882	33218	34099	0.0	1629
NC_019161.1:c15996-15115	KC958437.1	100.000	882	0	0	1	882	5441	6322	0.0	1629
NC_019161.1:c15996-15115	AB854326.1	100.000	882	0	0	1	882	1015	1896	0.0	1629
NC_019161.1:c15996-15115	KC609323.1	100.000	882	0	0	1	882	17140	18021	0.0	1629
NC_019161.1:c15996-15115	CP006657.1	100.000	882	0	0	1	882	116171	117052	0.0	1629
NC_019161.1:c15996-15115	KF182187.1	100.000	882	0	0	1	882	18174	19055	0.0	1629
NC_019161.1:c15996-15115	KF017315.1	100.000	882	0	0	1	882	18173	19054	0.0	1629
NC_019161.1:c15996-15115	JX397875.1	100.000	882	0	0	1	882	16641	15760	0.0	1629
NC_019161.1:c15996-15115	KC405622.1	100.000	882	0	0	1	882	66148	65267	0.0	1629
NC_019161.1:c15996-15115	KC344543.1	100.000	882	0	0	1	882	2107	1226	0.0	1629
NC_019161.1:c15996-15115	JX430448.1	100.000	882	0	0	1	882	12624	13505	0.0	1629
NC_019161.1:c15996-15115	JX461340.1	100.000	882	0	0	1	882	5276	6157	0.0	1629
NC_019161.1:c15996-15115	JX500679.1	100.000	882	0	0	1	882	7202	8083	0.0	1629
NC_019161.1:c15996-15115	JX283456.1	100.000	882	0	0	1	882	9555	8674	0.0	1629
NC_019161.1:c15996-15115	JX104759.1	100.000	882	0	0	1	882	15996	15115	0.0	1629
NC_019161.1:c15996-15115	CP003224.1	100.000	882	0	0	1	882	20557	21438	0.0	1629
NC_019161.1:c15996-15115	JN048641.1	100.000	882	0	0	1	882	1227	2108	0.0	1629
NC_019161.1:c15996-15115	JN048639.1	100.000	882	0	0	1	882	5324	6205	0.0	1629
NC_019161.1:c15996-15115	HQ651092.1	100.000	882	0	0	1	882	4723	3842	0.0	1629
NC_019161.1:c15996-15115	HQ589350.1	100.000	882	0	0	1	882	12705	13586	0.0	1629
NC_019161.1:c15996-15115	FJ628167.2	100.000	882	0	0	1	882	20459	19578	0.0	1629
NC_019161.1:c15996-15115	FJ223607.1	100.000	882	0	0	1	882	8079	8960	0.0	1629
NC_019161.1:c15996-15115	FJ223607.1	100.000	882	0	0	1	882	18920	18039	0.0	1629
NC_019161.1:c15996-15115	FJ223606.1	100.000	882	0	0	1	882	18495	19376	0.0	1629
NC_019161.1:c15996-15115	EU784136.1	100.000	882	0	0	1	882	1	882	0.0	1629
NC_019161.1:c15996-15115	EU176014.1	100.000	882	0	0	1	882	7848	8729	0.0	1629
NC_019161.1:c15996-15115	EU176013.1	100.000	882	0	0	1	882	7848	8729	0.0	1629
NC_019161.1:c15996-15115	EU176012.1	100.000	882	0	0	1	882	7848	8729	0.0	1629
NC_019161.1:c15996-15115	EU176011.1	100.000	882	0	0	1	882	11156	12037	0.0	1629
NC_019161.1:c15996-15115	DQ989639.1	100.000	882	0	0	1	882	951	1832	0.0	1629
NC_019161.1:c15996-15115	DQ897687.1	100.000	882	0	0	1	882	1169	2050	0.0	1629
NC_019161.1:c15996-15115	EF062508.1	100.000	882	0	0	1	882	1	882	0.0	1629
NC_019161.1:c15996-15115	DQ899729.1	100.000	882	0	0	1	882	1	882	0.0	1629
NC_019161.1:c15996-15115	DQ523564.1	100.000	882	0	0	1	882	1143	2024	0.0	1629
NC_019161.1:c15996-15115	AY210886.1	100.000	882	0	0	1	882	864	1745	0.0	1629
NC_019161.1:c15996-15115	AF481906.1	100.000	882	0	0	1	882	3564	4445	0.0	1629
NC_019161.1:c15996-15115	AY034847.1	100.000	882	0	0	1	882	6	887	0.0	1629
NC_019161.1:c15996-15115	JQ867396.1	100.000	881	0	0	1	881	368	1248	0.0	1628
NC_019161.1:c15996-15115	CP032197.1	99.887	882	1	0	1	882	11860	10979	0.0	1624
NC_019161.1:c15996-15115	MH594478.1	99.887	882	1	0	1	882	148953	148072	0.0	1624
NC_019161.1:c15996-15115	MH133192.1	99.887	882	1	0	1	882	10389	9508	0.0	1624
NC_019161.1:c15996-15115	CP030335.1	99.887	882	1	0	1	882	62365	61484	0.0	1624
NC_019161.1:c15996-15115	NG_060524.1	99.887	882	1	0	1	882	1	882	0.0	1624
NC_019161.1:c15996-15115	MH236906.1	99.887	882	1	0	1	882	10097	9216	0.0	1624
NC_019161.1:c15996-15115	CP029436.1	99.887	882	1	0	1	882	394033	393152	0.0	1624
NC_019161.1:c15996-15115	CP029442.1	99.887	882	1	0	1	882	38792	37911	0.0	1624
NC_019161.1:c15996-15115	CP029438.1	99.887	882	1	0	1	882	4987	4106	0.0	1624
NC_019161.1:c15996-15115	CP029102.1	99.887	882	1	0	1	882	64604	63723	0.0	1624
NC_019161.1:c15996-15115	CP029102.1	99.887	882	1	0	1	882	96381	97262	0.0	1624
NC_019161.1:c15996-15115	CP028181.1	99.887	882	1	0	1	882	94990	94109	0.0	1624
NC_019161.1:c15996-15115	CP027616.1	99.887	882	1	0	1	882	73751	74632	0.0	1624
NC_019161.1:c15996-15115	CP027606.1	99.887	882	1	0	1	882	71657	72538	0.0	1624
NC_019161.1:c15996-15115	NG_056170.1	99.887	882	1	0	1	882	101	982	0.0	1624
NC_019161.1:c15996-15115	CP025758.1	99.887	882	1	0	1	882	29120	28239	0.0	1624
NC_019161.1:c15996-15115	CP025710.1	99.887	882	1	0	1	882	45437	46318	0.0	1624
NC_019161.1:c15996-15115	CP025144.1	99.887	882	1	0	1	882	87793	88674	0.0	1624
NC_019161.1:c15996-15115	CP025039.1	99.887	882	1	0	1	882	24727	23846	0.0	1624
NC_019161.1:c15996-15115	MF772496.1	99.887	882	1	0	1	882	1	882	0.0	1624
NC_019161.1:c15996-15115	CP023894.1	99.887	882	1	0	1	882	4426	3545	0.0	1624
NC_019161.1:c15996-15115	CP023878.1	99.887	882	1	0	1	882	47392	46511	0.0	1624
NC_019161.1:c15996-15115	CP023875.1	99.887	882	1	0	1	882	83920	83039	0.0	1624
NC_019161.1:c15996-15115	CP023875.1	99.773	882	1	1	1	882	259434	258554	0.0	1616
NC_019161.1:c15996-15115	KY930325.1	99.887	882	1	0	1	882	7155	8036	0.0	1624
NC_019161.1:c15996-15115	KY930324.1	99.887	882	1	0	1	882	30672	31553	0.0	1624
NC_019161.1:c15996-15115	CP021900.1	99.887	882	1	0	1	882	59694	60575	0.0	1624
NC_019161.1:c15996-15115	CP021861.1	99.887	882	1	0	1	882	62233	63114	0.0	1624
NC_019161.1:c15996-15115	CP021860.1	99.887	882	1	0	1	882	3590	2709	0.0	1624
NC_019161.1:c15996-15115	NG_054685.1	99.887	882	1	0	1	882	1	882	0.0	1624
NC_019161.1:c15996-15115	CP021778.1	99.887	882	1	0	1	882	55417	56298	0.0	1624
NC_019161.1:c15996-15115	CP021756.1	99.887	882	1	0	1	882	21326	22207	0.0	1624
NC_019161.1:c15996-15115	CP021754.1	99.887	882	1	0	1	882	21451	20570	0.0	1624
NC_019161.1:c15996-15115	CP021734.1	99.887	882	1	0	1	882	40795	41676	0.0	1624
NC_019161.1:c15996-15115	KY093014.1	99.887	882	1	0	1	882	17869	18750	0.0	1624
NC_019161.1:c15996-15115	KY093013.1	99.887	882	1	0	1	882	43626	44507	0.0	1624
NC_019161.1:c15996-15115	CP021716.1	99.887	882	1	0	1	882	33720	32839	0.0	1624
NC_019161.1:c15996-15115	CP021695.1	99.887	882	1	0	1	882	184231	185112	0.0	1624
NC_019161.1:c15996-15115	CP021548.1	99.887	882	1	0	1	882	9011	9892	0.0	1624
NC_019161.1:c15996-15115	CP021546.1	99.887	882	1	0	1	882	22386	21505	0.0	1624
NC_019161.1:c15996-15115	KY271403.1	99.887	882	1	0	1	882	9554	8673	0.0	1624
NC_019161.1:c15996-15115	KY659388.1	99.887	882	1	0	1	882	14994	14113	0.0	1624
NC_019161.1:c15996-15115	KY659387.1	99.887	882	1	0	1	882	8207	7326	0.0	1624
NC_019161.1:c15996-15115	LT838197.1	99.887	882	1	0	1	882	29202	30083	0.0	1624
NC_019161.1:c15996-15115	CP020359.1	99.887	882	1	0	1	882	38291	37410	0.0	1624
NC_019161.1:c15996-15115	CP020075.1	99.887	882	1	0	1	882	10369	11250	0.0	1624
NC_019161.1:c15996-15115	CP020066.1	99.887	882	1	0	1	882	54489	53608	0.0	1624
NC_019161.1:c15996-15115	CP020059.1	99.887	882	1	0	1	882	46823	47704	0.0	1624
NC_019161.1:c15996-15115	CP019014.1	99.887	882	1	0	1	882	6887	6006	0.0	1624
NC_019161.1:c15996-15115	CP019010.1	99.887	882	1	0	1	882	54616	55497	0.0	1624
NC_019161.1:c15996-15115	CP018992.1	99.887	882	1	0	1	882	65579	66460	0.0	1624
NC_019161.1:c15996-15115	CP018981.1	99.887	882	1	0	1	882	13643	12762	0.0	1624
NC_019161.1:c15996-15115	CP019774.1	99.887	882	1	0	1	882	73524	74405	0.0	1624
NC_019161.1:c15996-15115	KX348146.1	99.887	882	1	0	1	882	21557	22438	0.0	1624
NC_019161.1:c15996-15115	KX348145.1	99.887	882	1	0	1	882	8375	7494	0.0	1624
NC_019161.1:c15996-15115	CP015387.1	99.887	882	1	0	1	882	106615	105734	0.0	1624
NC_019161.1:c15996-15115	CP018815.1	99.887	882	1	0	1	882	73565	74446	0.0	1624
NC_019161.1:c15996-15115	KU696010.1	99.887	882	1	0	1	882	1	882	0.0	1624
NC_019161.1:c15996-15115	KU696009.1	99.887	882	1	0	1	882	1	882	0.0	1624
NC_019161.1:c15996-15115	KU696008.1	99.887	882	1	0	1	882	1	882	0.0	1624
NC_019161.1:c15996-15115	KU696007.1	99.887	882	1	0	1	882	1	882	0.0	1624
NC_019161.1:c15996-15115	KU696006.1	99.887	882	1	0	1	882	1	882	0.0	1624
NC_019161.1:c15996-15115	KU696005.1	99.887	882	1	0	1	882	1	882	0.0	1624
NC_019161.1:c15996-15115	KU696004.1	99.887	882	1	0	1	882	1	882	0.0	1624
NC_019161.1:c15996-15115	KU696003.1	99.887	882	1	0	1	882	1	882	0.0	1624
NC_019161.1:c15996-15115	KU696001.1	99.887	882	1	0	1	882	1	882	0.0	1624
NC_019161.1:c15996-15115	KU696000.1	99.887	882	1	0	1	882	1	882	0.0	1624
NC_019161.1:c15996-15115	KU695997.1	99.887	882	1	0	1	882	1	882	0.0	1624
NC_019161.1:c15996-15115	KU695921.1	99.887	882	1	0	1	882	1	882	0.0	1624
NC_019161.1:c15996-15115	NG_051469.1	99.887	882	1	0	1	882	1	882	0.0	1624
NC_019161.1:c15996-15115	CP015824.1	99.887	882	1	0	1	882	49435	50316	0.0	1624
NC_019161.1:c15996-15115	KX619622.1	99.887	882	1	0	1	882	1	882	0.0	1624
NC_019161.1:c15996-15115	CP014669.1	99.887	882	1	0	1	882	15984	16865	0.0	1624
NC_019161.1:c15996-15115	CP014765.1	99.887	882	1	0	1	882	15984	16865	0.0	1624
NC_019161.1:c15996-15115	KU934011.1	99.887	882	1	0	1	882	17354	18235	0.0	1624
NC_019161.1:c15996-15115	NG_049259.1	99.887	882	1	0	1	882	101	982	0.0	1624
NC_019161.1:c15996-15115	NG_049256.1	99.887	882	1	0	1	882	101	982	0.0	1624
NC_019161.1:c15996-15115	NG_049251.1	99.887	882	1	0	1	882	1	882	0.0	1624
NC_019161.1:c15996-15115	NG_049254.1	99.887	882	1	0	1	882	1	882	0.0	1624
NC_019161.1:c15996-15115	NG_049250.1	99.887	882	1	0	1	882	1	882	0.0	1624
NC_019161.1:c15996-15115	NG_049245.1	99.887	882	1	0	1	882	1	882	0.0	1624
NC_019161.1:c15996-15115	NG_049244.1	99.887	882	1	0	1	882	1	882	0.0	1624
NC_019161.1:c15996-15115	NG_049260.1	99.887	882	1	0	1	882	1	882	0.0	1624
NC_019161.1:c15996-15115	NG_049257.1	99.887	882	1	0	1	882	1	882	0.0	1624
NC_019161.1:c15996-15115	HG969999.1	99.887	882	1	0	1	882	8943	9824	0.0	1624
NC_019161.1:c15996-15115	HG969998.1	99.887	882	1	0	1	882	15984	16865	0.0	1624
NC_019161.1:c15996-15115	HG969997.1	99.887	882	1	0	1	882	15984	16865	0.0	1624
NC_019161.1:c15996-15115	KU295136.1	99.887	882	1	0	1	882	9085	9966	0.0	1624
NC_019161.1:c15996-15115	KU295134.1	99.887	882	1	0	1	882	63047	63928	0.0	1624
NC_019161.1:c15996-15115	KU295131.1	99.887	882	1	0	1	882	82826	83707	0.0	1624
NC_019161.1:c15996-15115	KU302800.1	99.887	882	1	0	1	882	10097	9216	0.0	1624
NC_019161.1:c15996-15115	KT884517.1	99.887	882	1	0	1	882	50001	50882	0.0	1624
NC_019161.1:c15996-15115	KT148595.1	99.887	882	1	0	1	882	14544	13663	0.0	1624
NC_019161.1:c15996-15115	KT362706.1	99.887	882	1	0	1	882	18921	19802	0.0	1624
NC_019161.1:c15996-15115	KT362706.1	99.887	882	1	0	1	882	33197	32316	0.0	1624
NC_019161.1:c15996-15115	KT378598.1	99.887	882	1	0	1	882	7208	8089	0.0	1624
NC_019161.1:c15996-15115	KT378597.1	99.887	882	1	0	1	882	7208	8089	0.0	1624
NC_019161.1:c15996-15115	KT378596.1	99.887	882	1	0	1	882	7110	7991	0.0	1624
NC_019161.1:c15996-15115	CP012163.1	99.887	882	1	0	1	882	7361	6480	0.0	1624
NC_019161.1:c15996-15115	CP012163.1	99.887	882	1	0	1	882	60160	59279	0.0	1624
NC_019161.1:c15996-15115	CP011978.1	99.887	882	1	0	1	882	61933	61052	0.0	1624
NC_019161.1:c15996-15115	KR052099.1	99.887	882	1	0	1	882	5212	6093	0.0	1624
NC_019161.1:c15996-15115	KP681699.1	99.887	882	1	0	1	882	1	882	0.0	1624
NC_019161.1:c15996-15115	KM076934.1	99.887	882	1	0	1	882	920	39	0.0	1624
NC_019161.1:c15996-15115	CP011646.1	99.887	882	1	0	1	882	38232	37351	0.0	1624
NC_019161.1:c15996-15115	CP011645.1	99.887	882	1	0	1	882	61971	61090	0.0	1624
NC_019161.1:c15996-15115	CP011589.1	99.887	882	1	0	1	882	20801	21682	0.0	1624
NC_019161.1:c15996-15115	CP011578.1	99.887	882	1	0	1	882	4925515	4926396	0.0	1624
NC_019161.1:c15996-15115	CP011575.1	99.887	882	1	0	1	882	32413	31532	0.0	1624
NC_019161.1:c15996-15115	KJ721790.1	99.887	882	1	0	1	882	12173	13054	0.0	1624
NC_019161.1:c15996-15115	KJ721789.1	99.887	882	1	0	1	882	109998	109117	0.0	1624
NC_019161.1:c15996-15115	KP870110.1	99.887	882	1	0	1	882	1534	2415	0.0	1624
NC_019161.1:c15996-15115	KP345882.1	99.887	882	1	0	1	882	38629	37748	0.0	1624
NC_019161.1:c15996-15115	CP010881.1	99.887	882	1	0	1	882	34424	35305	0.0	1624
NC_019161.1:c15996-15115	CP010881.1	99.887	882	1	0	1	882	87746	88627	0.0	1624
NC_019161.1:c15996-15115	LN609376.1	99.887	882	1	0	1	882	1	882	0.0	1624
NC_019161.1:c15996-15115	CP010387.1	99.887	882	1	0	1	882	42532	41651	0.0	1624
NC_019161.1:c15996-15115	CP010363.1	99.887	882	1	0	1	882	52792	51911	0.0	1624
NC_019161.1:c15996-15115	CP009864.1	99.887	882	1	0	1	882	29121	28240	0.0	1624
NC_019161.1:c15996-15115	CP009776.1	99.887	882	1	0	1	882	38623	37742	0.0	1624
NC_019161.1:c15996-15115	CP009773.1	99.887	882	1	0	1	882	38631	37750	0.0	1624
NC_019161.1:c15996-15115	CP009771.1	99.887	882	1	0	1	882	1442432	1441551	0.0	1624
NC_019161.1:c15996-15115	CP009771.1	99.887	882	1	0	1	882	1457131	1458012	0.0	1624
NC_019161.1:c15996-15115	KJ748372.1	99.887	882	1	0	1	882	73211	74092	0.0	1624
NC_019161.1:c15996-15115	CP008826.1	99.887	882	1	0	1	882	37281	36400	0.0	1624
NC_019161.1:c15996-15115	CP008825.1	99.887	882	1	0	1	882	126219	127100	0.0	1624
NC_019161.1:c15996-15115	CP007730.1	99.887	882	1	0	1	882	15984	16865	0.0	1624
NC_019161.1:c15996-15115	CP006919.1	99.887	882	1	0	1	882	8101	8982	0.0	1624
NC_019161.1:c15996-15115	KF954760.1	99.887	882	1	0	1	882	106623	105742	0.0	1624
NC_019161.1:c15996-15115	KF954759.1	99.887	882	1	0	1	882	38631	37750	0.0	1624
NC_019161.1:c15996-15115	KC845573.1	99.887	882	1	0	1	882	62008	61127	0.0	1624
NC_019161.1:c15996-15115	JX442975.1	99.887	882	1	0	1	882	12608	13489	0.0	1624
NC_019161.1:c15996-15115	KC465200.1	99.887	882	1	0	1	882	1	882	0.0	1624
NC_019161.1:c15996-15115	JX193302.1	99.887	882	1	0	1	882	7980	7099	0.0	1624
NC_019161.1:c15996-15115	JX500681.1	99.887	882	1	0	1	882	7209	8090	0.0	1624
NC_019161.1:c15996-15115	JX500680.1	99.887	882	1	0	1	882	7195	8076	0.0	1624
NC_019161.1:c15996-15115	JN233705.2	99.887	882	1	0	1	882	9555	8674	0.0	1624
NC_019161.1:c15996-15115	JN255861.1	99.887	882	1	0	1	882	139	1020	0.0	1624
NC_019161.1:c15996-15115	JF323864.1	99.887	882	1	0	1	882	1	882	0.0	1624
NC_019161.1:c15996-15115	AB557734.1	99.887	882	1	0	1	882	364	1245	0.0	1624
NC_019161.1:c15996-15115	HM769262.1	99.887	882	1	0	1	882	353	1234	0.0	1624
NC_019161.1:c15996-15115	HQ258934.1	99.887	882	1	0	1	882	1	882	0.0	1624
NC_019161.1:c15996-15115	HM066995.1	99.887	882	1	0	1	882	1	882	0.0	1624
NC_019161.1:c15996-15115	GU595196.1	99.887	882	1	0	1	882	15984	16865	0.0	1624
NC_019161.1:c15996-15115	GU386376.1	99.887	882	1	0	1	882	7063	7944	0.0	1624
NC_019161.1:c15996-15115	GQ229417.1	99.887	882	1	0	1	882	7	888	0.0	1624
NC_019161.1:c15996-15115	FJ609231.1	99.887	882	1	0	1	882	1928	2809	0.0	1624
NC_019161.1:c15996-15115	EU400222.2	99.887	882	1	0	1	882	2160	3041	0.0	1624
NC_019161.1:c15996-15115	FJ223605.1	99.887	882	1	0	1	882	44590	45471	0.0	1624
NC_019161.1:c15996-15115	EU555534.1	99.887	882	1	0	1	882	1	882	0.0	1624
NC_019161.1:c15996-15115	AM774409.1	99.887	882	1	0	1	882	1536	2417	0.0	1624
NC_019161.1:c15996-15115	AF395881.1	99.887	882	1	0	1	882	1	882	0.0	1624
NC_019161.1:c15996-15115	AF297554.1	99.887	882	1	0	1	882	131	1012	0.0	1624
NC_019161.1:c15996-15115	NG_061612.1	99.773	882	2	0	1	882	1	882	0.0	1618
NC_019161.1:c15996-15115	CP029248.1	99.773	882	2	0	1	882	231892	232773	0.0	1618
NC_019161.1:c15996-15115	MH718730.1	99.773	882	2	0	1	882	1	882	0.0	1618
NC_019161.1:c15996-15115	NG_061389.1	99.773	882	2	0	1	882	1	882	0.0	1618
NC_019161.1:c15996-15115	MH593787.1	99.773	882	2	0	1	882	1	882	0.0	1618
NC_019161.1:c15996-15115	NG_060569.1	99.773	882	2	0	1	882	1	882	0.0	1618
NC_019161.1:c15996-15115	CP024910.1	99.773	882	2	0	1	882	229442	230323	0.0	1618
NC_019161.1:c15996-15115	MF351991.1	99.773	882	2	0	1	882	9181	10062	0.0	1618
NC_019161.1:c15996-15115	NG_055494.1	99.773	882	2	0	1	882	101	982	0.0	1618
NC_019161.1:c15996-15115	CP021899.1	99.773	882	2	0	1	882	15820	14939	0.0	1618
NC_019161.1:c15996-15115	KX844826.1	99.773	882	2	0	1	882	84	965	0.0	1618
NC_019161.1:c15996-15115	CP020119.1	99.773	882	2	0	1	882	10331	11212	0.0	1618
NC_019161.1:c15996-15115	KX868553.1	99.773	882	2	0	1	882	3925	3044	0.0	1618
NC_019161.1:c15996-15115	NG_052862.1	99.773	882	2	0	1	882	1	882	0.0	1618
NC_019161.1:c15996-15115	KX828722.1	99.773	882	2	0	1	882	1	882	0.0	1618
NC_019161.1:c15996-15115	CP018676.1	99.773	882	2	0	1	882	3964569	3965450	0.0	1618
NC_019161.1:c15996-15115	CP018675.1	99.773	882	2	0	1	882	134500	133619	0.0	1618
NC_019161.1:c15996-15115	CP018352.1	99.773	882	2	0	1	882	2131089	2131970	0.0	1618
NC_019161.1:c15996-15115	KU695998.1	99.773	882	2	0	1	882	1	882	0.0	1618
NC_019161.1:c15996-15115	NG_049255.1	99.773	882	2	0	1	882	1	882	0.0	1618
NC_019161.1:c15996-15115	NG_049243.1	99.773	882	2	0	1	882	1	882	0.0	1618
NC_019161.1:c15996-15115	NG_049262.1	99.773	882	2	0	1	882	1	882	0.0	1618
NC_019161.1:c15996-15115	NG_049261.1	99.773	882	2	0	1	882	1	882	0.0	1618
NC_019161.1:c15996-15115	NG_049258.1	99.773	882	2	0	1	882	15	896	0.0	1618
NC_019161.1:c15996-15115	CP012168.1	99.773	882	2	0	1	882	175557	174676	0.0	1618
NC_019161.1:c15996-15115	KR091915.1	99.773	882	2	0	1	882	29964	30845	0.0	1618
NC_019161.1:c15996-15115	KM379100.1	99.773	882	2	0	1	882	1	882	0.0	1618
NC_019161.1:c15996-15115	JX193301.1	99.773	882	2	0	1	882	54274	55155	0.0	1618
NC_019161.1:c15996-15115	JQ837276.1	99.773	882	2	0	1	882	28044	28925	0.0	1618
NC_019161.1:c15996-15115	GQ140348.1	99.773	882	2	0	1	882	1	882	0.0	1618
NC_019161.1:c15996-15115	FJ473382.1	99.773	882	2	0	1	882	364	1245	0.0	1618
NC_019161.1:c15996-15115	FJ234412.1	99.773	882	2	0	1	882	1	882	0.0	1618
NC_019161.1:c15996-15115	EU729727.1	99.773	882	2	0	1	882	1	882	0.0	1618
NC_019161.1:c15996-15115	EU447304.1	99.773	882	2	0	1	882	15	896	0.0	1618
NC_019161.1:c15996-15115	AY700571.1	99.773	881	2	0	2	882	1	881	0.0	1616
NC_019161.1:c15996-15115	NG_055495.1	99.660	882	3	0	1	882	101	982	0.0	1613
NC_019161.1:c15996-15115	NG_049252.1	99.660	882	3	0	1	882	1	882	0.0	1613
NC_019161.1:c15996-15115	NG_049249.1	99.660	882	3	0	1	882	1	882	0.0	1613
NC_019161.1:c15996-15115	NG_049246.1	99.660	882	3	0	1	882	1	882	0.0	1613
NC_019161.1:c15996-15115	KJ775801.1	99.660	882	3	0	1	882	1	882	0.0	1613
NC_019161.1:c15996-15115	KC609322.1	99.660	882	3	0	1	882	1238	2119	0.0	1613
NC_019161.1:c15996-15115	KC465199.1	99.660	882	3	0	1	882	1	882	0.0	1613
NC_019161.1:c15996-15115	JN545009.1	99.660	882	3	0	1	882	359	1240	0.0	1613
NC_019161.1:c15996-15115	HQ342889.1	99.660	882	3	0	1	882	1	882	0.0	1613
NC_019161.1:c15996-15115	JF323863.1	99.886	874	1	0	1	874	1	874	0.0	1609
NC_019161.1:c15996-15115	KX454501.1	100.000	869	0	0	13	881	2	870	0.0	1605
NC_019161.1:c15996-15115	JN204272.1	100.000	869	0	0	14	882	1	869	0.0	1605
NC_019161.1:c15996-15115	NG_051167.1	99.324	888	0	1	1	882	1	888	0.0	1602
NC_019161.1:c15996-15115	KU216748.1	99.324	887	0	1	1	881	1	887	0.0	1600
NC_019161.1:c15996-15115	NG_049247.1	99.320	882	0	1	1	882	101	976	0.0	1591
NC_019161.1:c15996-15115	JX524191.1	99.320	882	0	1	1	882	396	1271	0.0	1591
NC_019161.1:c15996-15115	NG_055580.1	98.990	891	0	2	1	882	1	891	0.0	1587
NC_019161.1:c15996-15115	KY563764.1	98.990	891	0	2	1	882	1	891	0.0	1587
NC_019161.1:c15996-15115	JN255797.1	99.884	862	1	0	21	882	1	862	0.0	1587
NC_019161.1:c15996-15115	NG_052581.1	99.206	882	1	1	1	882	1	876	0.0	1585
NC_019161.1:c15996-15115	KY282958.1	99.206	882	1	1	1	882	1	876	0.0	1585
NC_019161.1:c15996-15115	NG_049248.1	98.980	882	9	0	1	882	1	882	0.0	1580
NC_019161.1:c15996-15115	KC433553.1	98.980	882	9	0	1	882	1	882	0.0	1580
NC_019161.1:c15996-15115	MG700549.1	98.754	883	6	4	1	882	44071	44949	0.0	1574
NC_019161.1:c15996-15115	EU244644.1	100.000	850	0	0	33	882	1	850	0.0	1570
NC_019161.1:c15996-15115	EU594576.1	100.000	849	0	0	34	882	948	100	0.0	1568
NC_019161.1:c15996-15115	FJ624872.1	99.766	854	2	0	14	867	1	854	0.0	1567
NC_019161.1:c15996-15115	JF894298.1	100.000	847	0	0	12	858	1	847	0.0	1565
NC_019161.1:c15996-15115	JF431925.1	100.000	847	0	0	29	875	1	847	0.0	1565
NC_019161.1:c15996-15115	JF431926.1	100.000	846	0	0	30	875	1	846	0.0	1563
NC_019161.1:c15996-15115	MH661254.1	100.000	845	0	0	1	845	1	845	0.0	1561
NC_019161.1:c15996-15115	JF894300.1	100.000	844	0	0	33	876	1	844	0.0	1559
NC_019161.1:c15996-15115	KF562073.1	100.000	842	0	0	41	882	1	842	0.0	1555
NC_019161.1:c15996-15115	JF431928.1	100.000	842	0	0	16	857	1	842	0.0	1555
NC_019161.1:c15996-15115	JF431927.1	100.000	842	0	0	17	858	1	842	0.0	1555
NC_019161.1:c15996-15115	MH661255.1	100.000	840	0	0	1	840	1	840	0.0	1552
NC_019161.1:c15996-15115	KU680813.1	100.000	839	0	0	44	882	1	839	0.0	1550
NC_019161.1:c15996-15115	MG700550.1	98.526	882	4	6	1	882	59118	58246	0.0	1548
NC_019161.1:c15996-15115	JF894295.1	100.000	838	0	0	42	879	1	838	0.0	1548
NC_019161.1:c15996-15115	MH661256.1	100.000	837	0	0	1	837	1	837	0.0	1546
NC_019161.1:c15996-15115	KF561135.1	100.000	837	0	0	46	882	1	837	0.0	1546
NC_019161.1:c15996-15115	KC770988.1	100.000	835	0	0	18	852	1	835	0.0	1543
NC_019161.1:c15996-15115	JF894296.1	100.000	834	0	0	43	876	1	834	0.0	1541
NC_019161.1:c15996-15115	MG700548.1	98.413	882	0	10	1	882	26428	27295	0.0	1539
NC_019161.1:c15996-15115	AY522950.1	99.880	836	1	0	30	865	836	1	0.0	1539
NC_019161.1:c15996-15115	FJ853623.1	100.000	831	0	0	52	882	1	831	0.0	1535
NC_019161.1:c15996-15115	NG_057447.1	100.000	825	0	0	1	825	1	825	0.0	1524
NC_019161.1:c15996-15115	KU985429.1	100.000	825	0	0	1	825	1	825	0.0	1524
NC_019161.1:c15996-15115	MG171145.1	100.000	820	0	0	63	882	6	825	0.0	1515
NC_019161.1:c15996-15115	KM987553.1	100.000	818	0	0	34	851	1	818	0.0	1511
NC_019161.1:c15996-15115	KM609957.1	100.000	816	0	0	42	857	1	816	0.0	1507
NC_019161.1:c15996-15115	FJ665695.1	100.000	814	0	0	69	882	1	814	0.0	1504
NC_019161.1:c15996-15115	KM210293.1	100.000	813	0	0	28	840	1	813	0.0	1502
NC_019161.1:c15996-15115	KM502173.1	100.000	810	0	0	31	840	1	810	0.0	1496
NC_019161.1:c15996-15115	KM987554.1	100.000	808	0	0	34	841	1	808	0.0	1493
NC_019161.1:c15996-15115	KM987556.1	100.000	806	0	0	35	840	1	806	0.0	1489
NC_019161.1:c15996-15115	KM502174.1	99.876	807	1	0	34	840	1	807	0.0	1485
NC_019161.1:c15996-15115	KM502175.1	99.876	806	1	0	37	842	1	806	0.0	1483
NC_019161.1:c15996-15115	KT001099.1	100.000	802	0	0	81	882	1	802	0.0	1482
NC_019161.1:c15996-15115	KT001098.1	100.000	798	0	0	85	882	1	798	0.0	1474
NC_019161.1:c15996-15115	JX131687.1	100.000	786	0	0	97	882	1	786	0.0	1452
NC_019161.1:c15996-15115	HQ246157.1	99.873	790	0	1	68	857	1	789	0.0	1452
NC_019161.1:c15996-15115	KM987555.1	100.000	785	0	0	32	816	1	785	0.0	1450
NC_019161.1:c15996-15115	JX268776.1	100.000	783	0	0	64	846	1	783	0.0	1447
NC_019161.1:c15996-15115	JX268775.1	99.872	780	1	0	64	843	1	780	0.0	1435
NC_019161.1:c15996-15115	JF914901.1	100.000	770	0	0	56	825	1	770	0.0	1423
NC_019161.1:c15996-15115	KC770990.1	99.870	768	1	0	70	837	1	768	0.0	1413
NC_019161.1:c15996-15115	JF922884.1	100.000	756	0	0	67	822	1	756	0.0	1397
NC_019161.1:c15996-15115	KF436495.1	100.000	752	0	0	103	854	1	752	0.0	1389
NC_019161.1:c15996-15115	MG171147.1	100.000	745	0	0	63	807	34	778	0.0	1376
NC_019161.1:c15996-15115	KF436494.1	100.000	741	0	0	100	840	1	741	0.0	1369
NC_019161.1:c15996-15115	KF285585.1	100.000	740	0	0	119	858	1	740	0.0	1367
NC_019161.1:c15996-15115	KC736925.1	100.000	738	0	0	145	882	1	738	0.0	1363
NC_019161.1:c15996-15115	MG171148.1	100.000	737	0	0	145	881	1	737	0.0	1362
NC_019161.1:c15996-15115	KF285576.1	100.000	737	0	0	122	858	1	737	0.0	1362
NC_019161.1:c15996-15115	MG171146.1	100.000	736	0	0	145	880	1	736	0.0	1360
NC_019161.1:c15996-15115	JX682705.1	100.000	736	0	0	122	857	1	736	0.0	1360
NC_019161.1:c15996-15115	KF285580.1	100.000	734	0	0	122	855	1	734	0.0	1356
NC_019161.1:c15996-15115	KF285575.1	100.000	731	0	0	122	852	1	731	0.0	1351
NC_019161.1:c15996-15115	KY689923.1	100.000	720	0	0	46	765	1	720	0.0	1330
NC_019161.1:c15996-15115	KY689925.1	100.000	708	0	0	61	768	1	708	0.0	1308
NC_019161.1:c15996-15115	MH257688.1	100.000	687	0	0	106	792	687	1	0.0	1269
NC_019161.1:c15996-15115	KY364013.1	100.000	687	0	0	73	759	1	687	0.0	1269
NC_019161.1:c15996-15115	HQ246158.1	99.711	691	2	0	80	770	1	691	0.0	1266
NC_019161.1:c15996-15115	KY689924.1	100.000	648	0	0	118	765	1	648	0.0	1197
NC_019161.1:c15996-15115	JX682701.1	99.846	649	1	0	101	749	1	649	0.0	1194
NC_019161.1:c15996-15115	KF285577.1	100.000	625	0	0	119	743	1	625	0.0	1155
NC_019161.1:c15996-15115	KF436493.1	100.000	560	0	0	103	662	1	560	0.0	1035
NC_019161.1:c15996-15115	KF444271.1	100.000	539	0	0	208	746	1	539	0.0	996
NC_019161.1:c15996-15115	KR024809.1	100.000	538	0	0	209	746	1	538	0.0	994
NC_019161.1:c15996-15115	KR872629.1	99.814	538	1	0	209	746	1	538	0.0	989
NC_019161.1:c15996-15115	MF417538.1	99.809	523	1	0	214	736	7	529	0.0	961
NC_019161.1:c15996-15115	KU057943.1	99.798	495	1	0	241	735	1	495	0.0	909
NC_019161.1:c15996-15115	MH818573.1	99.595	494	2	0	253	746	1	494	0.0	902
NC_019161.1:c15996-15115	KY660030.1	100.000	482	0	0	265	746	1	482	0.0	891
NC_019161.1:c15996-15115	JX966417.1	100.000	475	0	0	241	715	1	475	0.0	878
NC_019161.1:c15996-15115	MG188760.1	100.000	467	0	0	262	728	1	467	0.0	863
NC_019161.1:c15996-15115	KC559110.1	99.786	468	1	0	253	720	1	468	0.0	859
NC_019161.1:c15996-15115	JX682700.1	99.783	461	1	0	332	792	1	461	0.0	846
NC_019161.1:c15996-15115	KY630492.1	100.000	392	0	0	253	644	1	392	0.0	725
NC_019161.1:c15996-15115	KY630487.1	100.000	385	0	0	253	637	1	385	0.0	712
NC_019161.1:c15996-15115	MF622545.1	100.000	383	0	0	259	641	1	383	0.0	708
NC_019161.1:c15996-15115	KY271413.1	99.738	381	1	0	464	844	18954	19334	0.0	699
NC_019161.1:c15996-15115	KY271413.1	100.000	375	0	0	1	375	18582	18956	0.0	693
NC_019161.1:c15996-15115	MH369836.1	100.000	347	0	0	314	660	1	347	2.90e-180	641
NC_019161.1:c15996-15115	JN974188.1	98.310	355	3	3	530	882	2494	2847	1.36e-173	619
NC_019161.1:c15996-15115	CP017992.1	100.000	315	0	0	568	882	73754	73440	1.78e-162	582
NC_019161.1:c15996-15115	FJ641197.1	100.000	302	0	0	29	330	1	302	3.00e-155	558
NC_019161.1:c15996-15115	FJ641196.1	100.000	296	0	0	36	331	1	296	6.50e-152	547
NC_019161.1:c15996-15115	CP025429.1	78.234	804	167	7	43	842	3850218	3849419	3.07e-140	508


